16984
17101
17112
17113
17114
17115
17125
17126
17127
17128
16986
16987
16988
16990
16991
17102
17116
17117
17118
17119
17120
17121
17122
17123
16983
17099
17100
17106
17107
17108
17109
17110
17111
17129
17130
17131
17132
16977
17098
17076
17077
17078
17079
17080
17081
17082
17083
17084
17085
17086
17087
17088
17089
16980
17097
17008
17009
17011
17012
17013
17014
17015
17016
17017
17018
17020
17021
17022
17023
17024
17025
17026
17027
17028
17029
17030
17031
17032
17033
17034
17035
16978
16979
17093
17094
17096
17036
17037
17038
17039
17040
17041
17043
17044
17045
17046
17047
17048
17049
17050
17051
17052
17053
17054
17055
17056
17057
16973
16975
17134
16976
16981
16982
17058
17059
17060
17061
17062
17063
17064
17066
17067
17068
17069
17070
17071
17072
17073
17074
17075
17135
17136
17137
17138
17140
17141
17142
17143
17144
16962
16963
16964
16965
16966
16967
16968
